raceTime:
  openTask: 2020-09-11T11:45:00Z
  closeTask: 2020-09-11T17:30:00Z
  firstStart: 2020-09-11T11:45:08.311789795338Z
  firstLead: 2020-09-11T11:45:08.311789795338Z
  lastArrival: 2020-09-11T15:27:13.873925439656Z
  leadAllDown: 13557.688
  leadArrival: 13325.562
  leadClose: 20691.688
  openClose: 20700
  tickClose: 20691.688
raceDistance: 83.962252 km
sumDistance: 939.659360 km
leadAreaToCoef: 0.00000007880601 km^-2 s^-1
leadCoefMin: 2.59019645
leadRank:
- - - '134'
    - Roland Wöhrle
  - area: 32868006.6247 km^2 s
    coef: 2.59019645
    frac: 1
- - - '105'
    - Christian Ciech
  - area: 33291969.0565 km^2 s
    coef: 2.62360724
    frac: 0.92446523
- - - '113'
    - Marco Laurenzi
  - area: 33413217.0997 km^2 s
    coef: 2.63316231
    frac: 0.91067532
- - - '107'
    - Joost Eertman
  - area: 36252801.2967 km^2 s
    coef: 2.85693861
    frac: 0.69827112
- - - '104'
    - Valentino Bau
  - area: 36973329.8182 km^2 s
    coef: 2.91372059
    frac: 0.65684245
- - - '106'
    - Lorenzo De Grandis
  - area: 37604456.1571 km^2 s
    coef: 2.96345714
    frac: 0.62251711
- - - '130'
    - Oliver Salewski
  - area: 40357880.5672 km^2 s
    coef: 3.18044353
    frac: 0.48763633
- - - '119'
    - Christian Pollet
  - area: 41729756.6260 km^2 s
    coef: 3.28855561
    frac: 0.42684117
- - - '118'
    - Suan Selenati
  - area: 43211972.9488 km^2 s
    coef: 3.40536316
    frac: 0.36459096
- - - '112'
    - Marco Gröbner
  - area: 43599789.1942 km^2 s
    coef: 3.43592541
    frac: 0.34880673
- - - '114'
    - Konrad Lueders
  - area: 50253806.5714 km^2 s
    coef: 3.96030197
    frac: 0.10176127
- - - '123'
    - Sasha Serebrennikova
  - area: 53508840.3824 km^2 s
    coef: 4.21681819
    frac: 0
- - - '109'
    - Marcello Ciarlo
  - area: 76862183.5030 km^2 s
    coef: 6.05720198
    frac: 0
